280434
304530
68448
726522
571318
506814
440477
927853
537776
784056
303792
893458
613463
194574
762710
937563
530932
529712
813473
781691
388405
670624
611041
428714
348256
377718
503391
572085
615013
753293
920323
971647
519308
727438
128661
283736
408973
773782
457696
472247
916094
204871
432818
157783
605095
104680
222017
92588
217649
363962
294120
657601
610109
639832
46862
722160
508050
881161
732456
842301
647470
751654
647764
619983
996477
21282
208550
338699
526312
245307
531712
394638
364932
856252
712922
894727
799083
988076
540386
780016
943912
806039
516285
890599
60108
29302
117931
260333
658013
663549
543816
703481
342126
62146
263022
493754
497738
935621
22328
121000
313610
32096
436578
142534
298566
846412
361292
789366
860008
152205
936285
244152
633500
686779
678596
331777
432035
950895
919642
521524
521863
963014
686116
44287
511401
191381
155316
619733
736502
384297
353966
742531
921784
64761
801384
954929
795145
452395
447403
536248
890978
801215
523287
160410
665937
938588
380450
547042
725001
211445
409920
378457
130963
760408
425375
295266
448931
759699
708810
910643
841221
959171
666413
645488
418550
673530
303288
640550
391567
642380
535708
587808
821724
423926
23858
243434
960331
603500
438011
763104
234112
283966
852482
142577
949702
750310
706846
280246
337055
660144
455123
258793
372988
799110
945368
485251
950664
448343
214708
196278
425758
836196
834818
416836
885404
802983
567123
454458
329487
224032
322034
988429
738125
233917
583298
97423
157538
813605
923204
838222
32162
611425
337333
1738
549726
457959
584852
117648
490545
670213
406274
883703
406522
38310
569217
93302
49828
452420
567135
549729
493280
881899
377580
371134
371316
447398
456550
99400
705645
922760
161718
310399
257136
428440
219731
312490
484207
644122
154501
439339
236151
800950
703940
80445
930789
372552
890175
924300
86457
382083
136056
940720
493122
299394
476236
601032
306937
445229
679184
987759
46570
515972
377879
830430
753421
333963
607185
707038
210419
893714
110542
561511
562524
864288
54688
426074
759269
891196
427421
539160
44766
937623
126915
928125
732986
294297
868471
32253
608544
204614
775910
258201
925918
885773
48012
61565
774781
758957
479443
182073
109295
115332
839443
607770
12133
983478
275320
618917
341373
818486
412737
939567
331673
32756
194917
567772
807051
42723
821328
850034
213036
311974
426443
898521
43276
520150
944569
24433
991619
765810
465853
986384
188198
68388
292409
427094
405
293932
413618
180399
465842
3115
444303
413093
294444
260878
37376
557471
601081
113749
619772
23483
310498
590655
982242
4227
258808
360020
677825
51598
835108
574671
102323
284086
276124
294821
821732
963697
43698
881526
856112
452046
942406
452303
855659
575246
859612
627866
521402
206749
82312
246563
738910
237099
241286
945351
855505
752428
538278
689083
843913
349096
702820
65526
879641
222591
72662
369916
640695
476541
22590
808521
433752
690838
892799
944022
692727
242238
708077
968010
670069
878439
395773
546560
510683
706392
757211
746801
522235
312295
123611
325566
200884
521235
669575
481501
890387
343360
530903
188253
583446
997519
614782
99735
725133
200985
974689
720819
713690
236041
826339
595604
889175
643987
681819
293153
863318
841429
996199
982257
913923
375432
278362
315538
738534
382243
379920
42487
750853
691724
643171
52411
775847
606587
894134
169174
553842
727598
378478
359899
193142
863555
404609
123307
52483
828853
134694
617466
6196
827189
493996
946235
5071
622820
840487
320555
678148
84011
642053
276343
736019
942456
175166
665995
835211
331093
739562
337721
36205
755942
142572
626690
585583
1023
914828
934403
23772
673504
847715
53374
383704
149966
720047
17156
756610
615439
866374
598077
693042
112449
654312
260436
58722
871575
90349
223745
882920
58289
737117
373044
339489
719767
241502
570075
25898
565139
470152
469008
292104
48040
317717
696802
861927
942450
970548
686846
640704
784987
533116
290683
797395
632631
351357
646143
910932
491069
569907
627984
471458
490275
277460
407995
990514
468053
90633
52059
303626
491281
44217
66054
109290
282402
350592
820122
766085
791222
334718
675935
619564
815582
681100
20633
488588
88099
964682
11949
132878
137407
690260
867565
585948
14015
48403
44738
960132
673523
692911
551797
379893
65742
390114
70170
420453
370337
527976
160217
699861
911983
83667
73178
320108
609196
516730
531596
139584
214359
186449
450451
644276
648113
147093
686668
814843
260952
468126
739262
232699
146757
751254
404062
770572
961311
302792
141502
35167
452473
591378
530836
150076
689071
452597
305955
400995
674776
151691
701128
128468
888296
998616
680163
568810
263205
767736
670816
242275
516292
702776
986081
602363
830432
521089
312074
759541
365206
97520
215976
206139
673151
936513
239423
971357
164491
74537
520238
795381
35702
40706
731137
701675
228266
203489
678675
22613
549297
906563
753566
895094
785173
853670
201569
117863
960791
465013
745708
380052
973896
399067
668491
546589
218246
476025
795533
910876
923927
192946
791728
178758
560923
452067
29226
992618
111857
521456
487766
145047
826537
694138
656762
42395
773921
212525
825713
623333
778430
778421
679482
389708
47561
728720
773723
675305
726755
645118
841971
340126
317798
427734
360923
632634
977946
836659
817080
421173
493393
906507
958113
309846
356576
718431
267815
951604
11834
490062
835077
947608
791850
102789
699557
562626
266029
820241
591885
814851
563241
226517
475620
314183
693774
967319
986789
664117
596936
517172
625951
150447
590046
76084
633254
545844
98794
527096
336090
497061
888053
923344
827025
771301
917358
240745
385124
229913
291527
799076
413715
601102
267821
900097
241942
870714
833506
863162
971521
486747
265720
602860
159442
440764
285931
448048
769370
654422
809308
45449
622662
355987
214502
578485
998794
11566
811999
960678
189609
882614
518445
25099
81379
329584
867010
62791
486458
721884
15285
37763
336611
944656
166718
930143
337734
126337
568334
619011
232690
52897
642825
266452
565409
828002
900129
146563
763234
564504
311760
319487
530857
957564
980850
314954
705071
896780
41980
791401
59783
120592
797277
525941
539199
377848
681263
875919
127343
858338
83802
86257
212577
216503
64582
19935
684892
987317
602170
516667
259407
434439
546454
140280
766679
522192
94185
893351
419053
694598
994160
755565
568943
152315
295852
494998
470537
98104
259358
229442
970560
85122
210018
445629
230491
9854
363237
817581
21934
745904
808837
613220
983492
253535
963652
844694
542888
371157
5671
625828
500688
748866
200945
142806
760231
135872
798967
850984
863926
740594
160608
257019
614894
766149
829307
578284
997332
2520
408445
907970
897737
380152
578901
755713
798197
639236
774574
152731
26704
440176
131713
78598
45260
778277
417812
50089
833890
96964
841938
689264
115576
291531
298696
570559
444076
306705
519802
51778
599360
706795
493024
891043
738402
484849
745408
700949
62486
40154
759977
71821
